0.9998 9.999E-05 9.999E-05
0.999311 0.000344511 0.000344511
0.0003419 0.0003419 0.999316
0.000334407 0.999331 0.000334407
0.9998 9.999E-05 9.999E-05
0.999284 0.000358217 0.000358217
0.000334392 0.999331 0.000334392
0.000344469 0.999311 0.000344469
0.9998 9.999E-05 9.999E-05
0.000318148 0.000318148 0.999364
0.000347661 0.000347661 0.999305
0.000333324 0.999333 0.000333324
0.999285 0.000357328 0.000357328
0.000336326 0.000336326 0.999327
0.999316 0.000342062 0.000342062
0.000332242 0.999336 0.000332242
