0.000346273 0.998961 0.000346273 0.000346273
0.99902 0.0003268 0.0003268 0.0003268
0.000331057 0.000331057 0.999007 0.000331057
0.000348623 0.998954 0.000348623 0.000348623
0.000332396 0.000332396 0.999003 0.000332396
0.000319521 0.000319521 0.999041 0.000319521
0.99896 0.000346592 0.000346592 0.000346592
0.000348628 0.998954 0.000348628 0.000348628
0.000274675 0.000274675 0.000274675 0.999176
0.000274673 0.000274673 0.000274673 0.999176
0.998946 0.000351317 0.000351317 0.000351317
0.000337208 0.998988 0.000337208 0.000337208
0.000325841 0.000325841 0.999022 0.000325841
0.000359595 0.998921 0.000359595 0.000359595
0.999032 0.000322696 0.000322696 0.000322696
0.9997 9.998E-05 9.998E-05 9.998E-05
