0.000172876 0.000172876 0.999654
0.999669 0.000165428 0.000165428
0.000177214 0.000177214 0.999646
0.000180937 0.999638 0.000180937
0.000186874 0.999626 0.000186874
0.000189752 0.99962 0.000189752
0.000182722 0.999635 0.000182722
0.999657 0.000171295 0.000171295
0.9998 9.999E-05 9.999E-05
0.999659 0.000170747 0.000170747
0.000179465 0.000179465 0.999641
0.000179619 0.999641 0.000179619
0.00018363 0.999633 0.00018363
0.000185766 0.000185766 0.999628
0.999653 0.000173538 0.000173538
0.000181824 0.999636 0.000181824
