0.000177248 0.999468 0.000177248 0.000177248
0.999485 0.000171547 0.000171547 0.000171547
0.000156314 0.000156314 0.999531 0.000156314
0.000157791 0.000157791 0.000157791 0.999527
0.000155491 0.000155491 0.000155491 0.999534
0.9997 9.998E-05 9.998E-05 9.998E-05
0.000175047 0.999475 0.000175047 0.000175047
0.999468 0.000177274 0.000177274 0.000177274
0.999501 0.00016617 0.00016617 0.00016617
0.000154806 0.000154806 0.999536 0.000154806
0.000176503 0.99947 0.000176503 0.000176503
0.999475 0.000174846 0.000174846 0.000174846
0.999477 0.000174365 0.000174365 0.000174365
0.000181813 0.999455 0.000181813 0.000181813
0.000155559 0.000155559 0.999533 0.000155559
0.00015625 0.00015625 0.00015625 0.999531
