0.9998 9.999E-05 9.999E-05
0.99863 0.000685143 0.000685143
0.000673186 0.998654 0.000673186
0.000681014 0.000681014 0.998638
0.000712964 0.000712964 0.998574
0.998649 0.000675627 0.000675627
0.000700673 0.000700673 0.998599
0.998641 0.000679371 0.000679371
0.9998 9.999E-05 9.999E-05
0.00065422 0.998692 0.00065422
0.000719269 0.000719269 0.998561
0.000641333 0.998717 0.000641333
0.000686832 0.000686832 0.998626
0.998586 0.000707024 0.000707024
0.000681091 0.000681091 0.998638
0.000664919 0.99867 0.000664919
