0.00033082 0.998677 0.00033082 0.00033082 0.00033082
9.997E-05 9.997E-05 9.997E-05 9.997E-05 0.9996
0.000271137 0.000271137 0.000271137 0.998915 0.000271137
0.000329931 0.000329931 0.000329931 0.000329931 0.99868
0.000344477 0.000344477 0.998622 0.000344477 0.000344477
0.998887 0.000278152 0.000278152 0.000278152 0.000278152
0.000329489 0.998682 0.000329489 0.000329489 0.000329489
0.000336046 0.000336046 0.998656 0.000336046 0.000336046
0.00027115 0.00027115 0.00027115 0.998915 0.00027115
0.000328014 0.000328014 0.998688 0.000328014 0.000328014
0.000341783 0.998633 0.000341783 0.000341783 0.000341783
0.000324319 0.998703 0.000324319 0.000324319 0.000324319
0.000338807 0.000338807 0.998645 0.000338807 0.000338807
9.997E-05 9.997E-05 9.997E-05 9.997E-05 0.9996
0.000308921 0.000308921 0.000308921 0.000308921 0.998764
0.998887 0.000278141 0.000278141 0.000278141 0.000278141
