sample_num	sample_name	local_ID	longitude	latitude	ind_ID	Adx_Coeff_TESS_1	Adx_Coeff_TESS_2	Adx_Coeff_TESS_3	Adx_Coeff_TESS_4	Adx_Coeff_TESS_5	Adx_Coeff_TESS_6	Adx_Coeff_TESS_7	Adx_Coeff_TESS_8	Adx_Coeff_TESS_9	PopID_tess
YMF2018_009_S25001.trim	1	YMF2018_009_S25001.trim	BS	-72.123602	41.954935	trimYMF2018_009_S25001	9.03024823652702e-06	0.0281427122589766	0.939923680992218	0.0101676164855854	0.0217208390220371	9.03024823652702e-06	9.03024823652702e-06	9.03024823652702e-06	9.03024823652702e-06	3
YMF2018_011_S27001.trim	2	YMF2018_011_S27001.trim	MI	-72.14694	41.935897	trimYMF2018_011_S27001	0.354995039084907	0.0157542018274593	8.30175603128983e-06	8.30175603128983e-06	8.30175603128983e-06	0.593895052948177	8.30175603128983e-06	0.00478647896186128	0.0305360201534704	6
YMF2018_012_S29001.trim	3	YMF2018_012_S29001.trim	WF	-72.160476	41.919789	trimYMF2018_012_S29001	9.09244922449921e-06	0.946065685095456	0.0130551795079456	9.09244922449921e-06	9.09244922449921e-06	9.09244922449921e-06	0.00696241690919178	0.0254260572091904	0.00845429148131847	2
YMF2018_013_S31001.trim	4	YMF2018_013_S31001.trim	PB	-72.125694	41.962336	trimYMF2018_013_S31001	0.0151693640561026	9.52015183315058e-06	0.0166035073524134	0.0160804096619138	9.52015183315058e-06	9.52015183315058e-06	9.52015183315058e-06	9.52015183315058e-06	0.952099118170405	9
YMF2018_017_S33001.trim	5	YMF2018_017_S33001.trim	BO	-72.149634	41.917944	trimYMF2018_017_S33001	9.45275227222343e-06	9.45275227222343e-06	0.00780135662399029	9.45275227222343e-06	9.45275227222343e-06	9.45275227222343e-06	0.957248016472787	0.0255062444802708	0.00939711866159058	7
YMF2018_018_S35001.trim	6	YMF2018_018_S35001.trim	GB	-72.14886	41.917996	trimYMF2018_018_S35001	8.82992857484238e-06	0.0371457314299278	8.82992857484238e-06	8.82992857484238e-06	0.107642645779332	8.82992857484238e-06	0.821840112958737	0.0333273601891285	8.82992857484238e-06	7
YMF2018_019_S37001.trim	7	YMF2018_019_S37001.trim	SH	-72.13758	41.94175	trimYMF2018_019_S37001	9.43771148900585e-06	0.00461470368635685	9.43771148900585e-06	0.965011948712549	9.43771148900585e-06	9.43771148900585e-06	0.0154145281931832	0.0137499421882893	0.00117112637366508	4
YMF2018_022_S39001.trim	8	YMF2018_022_S39001.trim	BP2	-72.154117	41.955933	trimYMF2018_022_S39001	9.13518325728414e-06	9.13518325728414e-06	0.0057389809910735	0.00480597425706141	0.959888264329283	0.0295211045062959	9.13518325728414e-06	9.13518325728414e-06	9.13518325728414e-06	5
YMF2018_025_S26001.trim	9	YMF2018_025_S26001.trim	WP	-72.129448	41.942438	trimYMF2018_025_S26001	0.480582235597465	0.14060319475137	0.0878359840453172	8.50545213980379e-06	0.153791885444202	8.50545213980379e-06	0.122411399995205	8.50545213980379e-06	0.0147497838100206	1
YMF2018_028_S28001.trim	10	YMF2018_028_S28001.trim	KE	-72.157826	41.927612	trimYMF2018_028_S28001	0.651794926089296	0.201840548089563	0.0279612702407721	0.0170221026528632	0.00425842634319366	0.0970966141743659	8.70413664861031e-06	8.70413664861031e-06	8.70413664861031e-06	1
YMF2018_030_S30001.trim	11	YMF2018_030_S30001.trim	LA	-72.131981	41.957757	trimYMF2018_030_S30001	7.83363862768702e-06	7.83363862768702e-06	0.045365261383731	0.0467439875625485	7.83363862768702e-06	0.840665789308757	0.0671857935518245	7.83363862768702e-06	7.83363862768702e-06	6
YMF2018_032_S32001.trim	12	YMF2018_032_S32001.trim	LO	-72.150593	41.966787	trimYMF2018_032_S32001	0.865984877181025	8.47619516442916e-06	8.47619516442916e-06	0.0404955171759937	8.47619516442916e-06	8.47619516442916e-06	0.062783405661382	0.00972930486713421	0.0209729903338076	1
YMF2018_033_S34001.trim	13	YMF2018_033_S34001.trim	FHE	-72.118982	41.947416	trimYMF2018_033_S34001	0.101284587337686	9.25379273936792e-06	0.819949763082384	0.0155579683012179	9.25379273936792e-06	9.25379273936792e-06	0.00526054187407129	9.25379273936792e-06	0.0579101242336834	3
YMF2018_036_S36001.trim	14	YMF2018_036_S36001.trim	W1	-72.138315	41.952368	trimYMF2018_036_S36001	0.31266558299296	8.32919018709532e-06	8.32919018709532e-06	8.32919018709532e-06	8.32919018709532e-06	0.0399018865099135	8.32919018709532e-06	0.647382555356004	8.32919018709532e-06	8
YMF2018_037_S38001.trim	15	YMF2018_037_S38001.trim	E8	-72.149856	41.963292	trimYMF2018_037_S38001	8.63720582025132e-06	8.63720582025132e-06	8.63720582025132e-06	0.00597492662199173	0.14845221744691	0.436964531908061	8.63720582025132e-06	0.262880206547563	0.145693568652193	6
YMF2018_039_S40001.trim	16	YMF2018_039_S40001.trim	WM	-72.131144	41.971298	trimYMF2018_039_S40001	8.16897393038775e-06	8.16897393038775e-06	0.0224240853831574	0.0848657099546668	0.0272604211805424	8.16897393038775e-06	8.16897393038775e-06	0.845377259420421	0.0200398481654914	8
