0.9998 9.999E-05 9.999E-05
0.000174754 0.99965 0.000174754
0.99965 0.000174836 0.000174836
0.000182813 0.999634 0.000182813
0.000179594 0.000179594 0.999641
0.000177196 0.999646 0.000177196
0.000182689 0.000182689 0.999635
0.999655 0.000172707 0.000172707
0.000182814 0.999634 0.000182814
0.000172762 0.000172762 0.999654
0.000193989 0.999612 0.000193989
0.000172762 0.000172762 0.999654
0.999665 0.000167268 0.000167268
0.000175624 0.000175624 0.999649
0.000176604 0.000176604 0.999647
0.000189928 0.99962 0.000189928
