0.000309506 0.000309506 0.000309506 0.000309506 0.998762
0.998791 0.000302374 0.000302374 0.000302374 0.000302374
0.998773 0.000306841 0.000306841 0.000306841 0.000306841
0.000306722 0.998773 0.000306722 0.000306722 0.000306722
9.997E-05 9.997E-05 9.997E-05 0.9996 9.997E-05
0.000303711 0.998785 0.000303711 0.000303711 0.000303711
0.000312461 0.000312461 0.99875 0.000312461 0.000312461
0.000312641 0.000312641 0.000312641 0.000312641 0.998749
0.998825 0.000293764 0.000293764 0.000293764 0.000293764
9.997E-05 0.9996 9.997E-05 9.997E-05 9.997E-05
9.997E-05 9.997E-05 0.9996 9.997E-05 9.997E-05
0.000318213 0.000318213 0.000318213 0.998727 0.000318213
0.000335026 0.000335026 0.000335026 0.99866 0.000335026
9.997E-05 9.997E-05 9.997E-05 9.997E-05 0.9996
9.997E-05 9.997E-05 9.997E-05 0.9996 9.997E-05
9.997E-05 9.997E-05 0.9996 9.997E-05 9.997E-05
