0.000157038 0.999058 0.000157038 0.000157038 0.000157038 0.000157038 0.000157038
9.995E-05 9.995E-05 9.995E-05 0.9994 9.995E-05 9.995E-05 9.995E-05
9.995E-05 9.995E-05 9.995E-05 0.9994 9.995E-05 9.995E-05 9.995E-05
0.000164838 0.000164838 0.000164838 0.999011 0.000164838 0.000164838 0.000164838
0.000142326 0.000142326 0.999146 0.000142326 0.000142326 0.000142326 0.000142326
0.000155518 0.999067 0.000155518 0.000155518 0.000155518 0.000155518 0.000155518
9.995E-05 9.995E-05 9.995E-05 9.995E-05 0.9994 9.995E-05 9.995E-05
0.99934 0.000109928 0.000109928 0.000109928 0.000109928 0.000109928 0.000109928
0.000152556 0.999085 0.000152556 0.000152556 0.000152556 0.000152556 0.000152556
0.000142331 0.000142331 0.999146 0.000142331 0.000142331 0.000142331 0.000142331
9.995E-05 9.995E-05 9.995E-05 9.995E-05 9.995E-05 9.995E-05 0.9994
9.995E-05 9.995E-05 9.995E-05 9.995E-05 9.995E-05 0.9994 9.995E-05
9.995E-05 9.995E-05 9.995E-05 9.995E-05 9.995E-05 0.9994 9.995E-05
9.995E-05 9.995E-05 9.995E-05 9.995E-05 0.9994 9.995E-05 9.995E-05
9.995E-05 9.995E-05 9.995E-05 0.9994 9.995E-05 9.995E-05 9.995E-05
9.995E-05 9.995E-05 9.995E-05 9.995E-05 0.9994 9.995E-05 9.995E-05
