0.000173291 0.000173291 0.000173291 0.000173291 0.999134 0.000173291
9.996E-05 9.996E-05 9.996E-05 9.996E-05 0.9995 9.996E-05
9.996E-05 9.996E-05 9.996E-05 9.996E-05 0.9995 9.996E-05
0.000162873 0.000162873 0.000162873 0.999186 0.000162873 0.000162873
9.996E-05 9.996E-05 9.996E-05 9.996E-05 0.9995 9.996E-05
0.000109941 0.000109941 0.000109941 0.000109941 0.000109941 0.99945
0.000109941 0.99945 0.000109941 0.000109941 0.000109941 0.000109941
0.000164551 0.000164551 0.000164551 0.999177 0.000164551 0.000164551
9.996E-05 9.996E-05 0.9995 9.996E-05 9.996E-05 9.996E-05
9.996E-05 9.996E-05 0.9995 9.996E-05 9.996E-05 9.996E-05
0.999175 0.000164921 0.000164921 0.000164921 0.000164921 0.000164921
9.996E-05 9.996E-05 9.996E-05 9.996E-05 0.9995 9.996E-05
0.000154064 0.000154064 0.99923 0.000154064 0.000154064 0.000154064
9.996E-05 9.996E-05 9.996E-05 0.9995 9.996E-05 9.996E-05
0.9995 9.996E-05 9.996E-05 9.996E-05 9.996E-05 9.996E-05
0.9992 0.000159977 0.000159977 0.000159977 0.000159977 0.000159977
