0.000698691 0.998603 0.000698691
0.00065615 0.00065615 0.998688
0.000701123 0.998598 0.000701123
0.000678079 0.000678079 0.998644
0.9998 9.999E-05 9.999E-05
0.998703 0.000648631 0.000648631
0.998535 0.000732622 0.000732622
0.998649 0.000675645 0.000675645
0.9998 9.999E-05 9.999E-05
0.000664752 0.000664752 0.99867
0.000708412 0.998583 0.000708412
0.000675452 0.998649 0.000675452
0.000671341 0.000671341 0.998657
0.000678057 0.000678057 0.998644
0.998667 0.000666428 0.000666428
0.000696319 0.998607 0.000696319
