0.000675684 0.998649 0.000675684
0.000637853 0.000637853 0.998724
0.998606 0.000696781 0.000696781
0.99863 0.00068503 0.00068503
0.000691794 0.998616 0.000691794
0.998667 0.000666271 0.000666271
0.000677939 0.998644 0.000677939
0.000669411 0.000669411 0.998661
0.9998 9.999E-05 9.999E-05
0.000643911 0.000643911 0.998712
0.998598 0.000700796 0.000700796
0.000648065 0.000648065 0.998704
0.000669003 0.998662 0.000669003
0.000656419 0.000656419 0.998687
0.998626 0.000686996 0.000686996
0.000677908 0.998644 0.000677908
